333 33313 3313331331333

924.

133 1131331311 13 1311331 333 13 13313 31 1311331331. Le roi 113331 fait lever
133 1331333 pour 3313133 13 3313113 311333 331 1133 333 333313 31 marche 333-
133 (1311133333, 133 1133113133, qui 331333 13 13 3333333133. Ledae, 311331,

13 3333331. ch. xum.
925.

. [33311133313313313 1833313331133331331311331311333133 au 1333331133

13 83131-113331 13 1131333 3131111331 33131333 11 33 3331 ensuite 1 13133333 3333
y 1331133 avec 133 grands 133 31313331113333ς133 3333313 31333331131 33-
333333 (333133113333313 33 333113113333131133333333,31313 qu'jls 33 331 111
3333113313 3333 33313313331 3113333 (333 , 3333 3331333 joun, 13 33333333 13 13
(13313 3111313333 33 3333313113 333 13 83133, 31 13 11 11 13 113133 333 13333331
313113133333ς ceux des eunomia qui 3331331 33 333333 33 33113331 dans 13
31333 1113. 013. mx 313.

Lem· 133 1131133 33 3313333 113 guerra 13 331 quitto la 1133333333 31 33133
333 333313 contre 131311 31333313 13 31333,1331333133133131333 31 13333113 13
311133 quelques-unu seulement 1131333331 31 33 33113331 1333 333113331-
3133,33313113333133133331313 1333 un 33313133331313331 3331331 1113333313
311113331313113333. ch. 1.

111,

11331333 1133333313 11331331 1’131313; 13 331 marcho 333133 333 31133 33133-
33133 3 11 33313313333113 113333. ch. 33. ’

¹ 333.

113 3 3311333313 333 131133313 1333, 311 Raima 33 3311 133313 3131 133
3333133 13133. (1333313333 3331 331313 1333 3313113333113.11331111133313
11113331 entre 13 331311331331331113310133133 333111. eh. 13.

norbert, pour 31133333 113331,1133 charles 13 331333 3113 33133313 333
1133333313 1333 13 31333 1113 31113113 131131133, 1311133313 1“, 131 1133111-
1111. ch 133 ‘

928.

11331331 333313 133 1133113 1 113333 3333 3333333 33 33331333 3311311
333133 333 gr& que (11333133 3 111 1113131 31 (333 plusieurs grands 133 Gaulo·
panagentses 3331333313 311 13333313 1333 que (113133331133313 33 13133 31
333 33333131333313 133311133311313, 13 3333311331 31333 33 331333,131 en·
3331333313333311333133 Gaulos 333313331333. 11331333131331 131131133333133

flugues, 113 13 1131331, qui 13 3133331113 3333113331311131131133311333133 1333
33 331333 13 11133333. ch. 313.

11331331311133113 331, 3333 333 113,1’131333331 13 11313333333331, 33313 31331
13 833113, 311333331113 1333 grande jeunesse 13 33 113, 11131313 3311313331
de, rky'r 1131333331 13331333313 3311133131 33 3331 1 13 331333 13 (1133131, 131
3333133 133 3331313313 131 3133 13331133, 131 33311133 133 33113333 3333133111-
tigni 3113 Ρο3113133313331331183133333. ch. 13. ,

 

