418 1111111 ALPHABETIQUE.

1000, 111Ιο 00 10 (10111000 0100 10010·
11000 ecclesiamque 0011011110, 1, 13.
-Son 010000 00000011 1 0101110
(1110110010 simple 001 1011000, ibid.
— 1101100000 010000 110001. 11
001 1011101000 par 1100101010 11000
1101001011110, 03.-110 101 11100100
101110 00000011001000,11.-10010000

· 1110

, .- 0

010110010100101, 111. -11 00010

10111101 1110010000 0001010 11010110,

QQQQ 1111110
-101111100 001 charles, 161, -Vai-
0001001 00110000 par llugues Capet
et 11011011, 161. — 10110000 00 000-
1000, 01 10010010100111001001, 111
01 suiv. - Ses citoyens 1001 une 001-
80 00010110 000110 1100000 (1000101
011011, 113. - Ρ1100 01 surprise

1001110100,111.- 00110γο00
01001 1001110 00 101,113.-·10101-
teresse 0010001100 1100110100,211.

111. - 10 10110010 0001000 10 0110- 101111. 1101011 pas entendu 00110000
0010 01111011101110110110000010 0, 11110000(ὼο01),11,105.
121011111111111311111 ι1111111111ῗῖξ’ 1111111311

-1100100000 00 10010 0001100101,
111. - Le rol 10010 y 00010000 10
10100 1101110100, 1111, 111-110010000

1101010000, 01. -De charles le 8101-

010, 111. - 110 11011011, 111. - Des
1011110100, 101, 010.

1010001001 001 1111100 11010011, 11ἵ11110110.-11000001 qu’ene 1000110,

151.-11011110000110101,1“1.1“0.-
Le 101 chasse 0010 11110 110000 01

,11,123,233;11,1,010.-800
010110 000100100, 151.

100011, 00001000011111000, 111- 1101011, 01 , 00110100, 0000 00

10010000 encore 1001110010οι 001 110-

synode 00 00100,11,191.

00000110111011,11110.-1.0 rothonis 1101010010001011110, 001000 comme

0001101001 y 1011000 011001 00-
001, 1111, 1111.-11000001 113000
0 111000 00110 101 0001 01110011 00
11110110, 211. - 100 110Ιο 1010 111-
100, 101110 01 1100100, 101001 00 ξε-
1111111 11111110
00101 010ςο11101ιο 111. -1000010

111000101100101100110-0101,111, . ¹
ξ11.-1.00 0100000 1001010011 1111010, 0110000010001000, 0000000

0 synode 0000101 d· 01110110 00
100010000101000001010111001 10 000
1100000 211, 111. -· 11011 00 000
010000 110011 , 1111. -11 0 0001 suc·
0000001· 11011000, 1110. - 10010000

10 101 1001010001001001, m..
11100001 1000 0011110101 0011111001,

1000100 0000 0001100011 100 0100000

00 Germia 0100110010 01000110

1001001110 , 00110001, 01-

011010000 00 01100,11 281-110

010010 synode tenu 1 11011100,111.

-1110010100800110, 111.
mou, 1010 0011101100, 0110, 1, 211.

&amon 10 (11000, 00000110, 11,

0111100011 0001101110 0001 10101
0010,1,111.-1100110 00 grands
10100 00 1010101000, ibim-Le 0011

’ 00111000,1”1110.’-101010000 0100

00 10100101001010001110110100
(10011011,ωο0011100 00 1000000000,
0101110101ου1 01100, 215.

0010 00 11101101, 211 010011. - Qu} 1011101011, 010000 0001101001ηο,

1111111..ἚῖἐὲῙέ yffi&

{glsymde 0001101 011000111οἰ01, ,

00 deux 01000011, charles 01 110011, lidae. Son 010000 11001101, 11, 111.

1115110000 00 110001· 01 s’y 0100110

1010101110 1 11110010 01 0001101100

10000011, 11,-1100100000 101010, 11011100, 010000

5, 1, 111 - (1001010000 0011010-

010000 11011000 0001010 11010000, 11110 0100110100, 1, 21,11,

101. - 10 1011100011100000110100
1101010000 01100 010100 111110, 111.
00 1111100, 01000 00
synode 3000101 011000110110,1,231.

00011010 101 donne 1 ungues, 1110 1111000,11110001Ἱ11011000 0001οι100

0010000010111000, 10 11110 00 duc 11000 00 1101100,

,15.

00’01111000000010,15,11.-800 111100 1010 0100001001 000000 0000

010000 11011000 00000011 au 00010

100 000εο111000 000 10001, 111.

00001110, 0100010000 00 1101010, 11110000110101000, ,11.’
21,-11001011ομ001 0100 010000 homer. Son 1000001010 011010,100011·

01101 100011 000110 1100,11.-
8000101100 1100110100 1010 0100

01102ἓο1 10010000, comte 010100,
, .

001010 000 ,1000100001 001 100 01·Υ 1111101110 (01001100),11,111.

 

